923.765000 5.500790 -6.001146 0.100000 0.000002 0.000001 0.705714 0.708496
940.265000 5.504744 -5.266027 0.206238 0.194725 -0.196092 0.677186 0.681945
941.265000 5.522266 -2.880105 0.100001 0.000001 0.000001 0.704491 0.709713
942.315000 5.539739 -0.467770 0.099996 -0.000001 -0.000007 0.704610 0.709594
943.315000 5.436188 -0.086096 0.100000 -0.000007 -0.000004 0.474418 0.880300
944.315000 5.445769 -0.083684 0.100002 0.000000 0.000002 0.190396 0.981707
945.416000 5.590276 -0.106171 0.148917 -0.016261 -0.122154 -0.130913 0.983705
946.516000 6.646645 -0.563732 0.099997 -0.000007 -0.000007 -0.285791 0.958292
947.516000 7.812978 -1.313266 0.146975 0.036888 0.112364 -0.309714 0.943446
948.616000 7.969042 -1.617526 0.135405 -0.050063 -0.073423 -0.561086 0.822973
949.666000 8.047204 -2.455426 0.100001 -0.000001 -0.000006 -0.726555 0.687108
950.716000 7.958999 -4.035922 0.100002 -0.000001 -0.000001 -0.726527 0.687138
951.766000 7.870878 -5.616096 0.100002 -0.000001 0.000004 -0.726526 0.687138
952.816000 7.889404 -6.329226 0.100001 -0.000002 0.000001 -0.837040 0.547142
953.866000 7.866321 -6.317363 0.109961 0.023555 0.008090 0.945478 -0.324731
954.968000 7.663552 -6.443520 0.123711 0.059347 -0.001995 0.997672 0.033532
956.066000 6.446523 -6.356943 0.100001 -0.000001 -0.000000 0.999375 0.035349
957.066000 5.353348 -6.279586 0.102492 -0.006331 0.000236 0.999353 0.035417
958.066000 5.376374 -6.288277 0.100000 0.000002 0.000003 0.957742 0.287630
959.117000 5.381755 -6.283515 0.100001 -0.000001 0.000002 0.846884 0.531778
960.168000 5.389350 -5.974429 0.116222 -0.027365 0.029984 0.673579 0.738000
961.218000 5.372991 -5.219733 0.100002 0.000001 -0.000001 0.720949 0.692988
962.218000 5.329547 -4.121704 0.100001 -0.000001 0.000002 0.720960 0.692977
963.218000 5.361109 -3.490768 0.100001 0.000003 -0.000001 0.674864 0.737942
964.268000 5.514729 -2.560992 0.100001 0.000003 0.000001 0.634929 0.772571
965.268000 5.672314 -1.702312 0.102155 0.003747 -0.003889 0.694067 0.719890
966.268000 5.712514 -0.601828 0.100002 0.000000 0.000001 0.694057 0.719920
967.268000 5.723147 0.202284 0.100001 0.000002 -0.000002 0.652161 0.758080
968.318000 5.724620 0.305821 0.099999 -0.000006 -0.000005 0.550386 0.834910
969.368000 5.703306 0.347175 0.100001 -0.000001 0.000004 0.303379 0.952870
970.369000 5.615066 0.344607 0.099997 -0.000006 0.000005 0.125370 0.992110
971.469000 5.819242 0.345583 0.099999 0.000000 0.000004 0.037228 0.999307
972.569000 6.592966 0.392384 0.100001 -0.000002 -0.000001 -0.032026 0.999487
973.619000 6.598657 0.384350 0.099996 0.000000 0.000000 -0.249359 0.968411
974.669000 6.866270 0.127540 0.120012 0.023689 0.044137 -0.472557 0.879875
975.769000 7.219395 -0.688861 0.100001 -0.000002 -0.000001 -0.554699 0.832051
976.769000 7.475631 -1.379143 0.100001 0.000003 -0.000003 -0.650042 0.759898
977.769000 7.645870 -2.464788 0.100001 -0.000001 0.000005 -0.650025 0.759913
978.819000 7.813126 -3.503439 0.124217 0.040413 0.045227 -0.665092 0.744294
979.869000 7.817834 -4.141035 0.100000 0.000001 0.000002 -0.712534 0.701638
980.869000 7.800880 -5.239802 0.100000 -0.000002 -0.000002 -0.712540 0.701631
981.869000 7.787374 -6.268333 0.123639 0.042403 0.041310 -0.715066 0.696546
982.869000 7.801243 -6.255055 0.100002 -0.000004 0.000002 -0.803353 0.595503
983.870000 7.804201 -6.248818 0.100001 0.000000 -0.000001 0.906805 -0.421551
984.870000 7.616933 -6.305189 0.117803 0.043574 0.009274 0.977119 -0.207973
985.970000 7.579565 -6.411827 0.100002 -0.000001 -0.000002 0.998907 -0.046751
986.970000 6.618552 -6.482208 0.100001 -0.000000 -0.000003 0.999358 -0.035818
988.020000 5.870017 -6.495241 0.100002 -0.000001 -0.000001 0.999776 0.021182
989.070000 5.023740 -6.479044 0.100000 -0.000006 -0.000002 0.996547 0.083028
990.171000 4.905465 -6.481380 0.100002 0.000000 -0.000002 0.971545 0.236857
991.270000 4.909746 -6.523267 0.100000 -0.000005 0.000003 0.848225 0.529635
992.272000 4.862806 -6.389318 0.100002 0.000003 -0.000002 0.700084 0.714060
993.273000 4.859548 -6.226920 0.099998 -0.000005 0.000003 0.640013 0.768364
995.373000 4.931159 -5.324802 0.100002 -0.000001 0.000000 0.675805 0.737081
996.423000 5.030965 -4.176254 0.100001 -0.000002 0.000000 0.675818 0.737069
997.473000 5.126487 -3.342707 0.100002 0.000001 0.000003 0.730030 0.683415
998.473000 5.016527 -2.588964 0.100000 0.000000 0.000003 0.746486 0.665401
999.473000 4.897277 -1.555214 0.122780 -0.042302 0.038266 0.740470 0.669665
1000.473000 4.920895 -1.104567 0.099997 0.000006 -0.000000 0.677110 0.735882
1001.523000 4.984951 -0.122282 0.110189 -0.016473 0.019437 0.646339 0.762625
1002.523000 5.148738 0.478010 0.121041 -0.029032 0.043955 0.550284 0.833314
1003.573000 5.102315 0.490254 0.099999 0.000006 -0.000003 0.244312 0.969697
1004.623000 5.984739 0.947677 0.122960 -0.010744 0.056478 0.186558 0.980760
1005.673000 5.945311 0.959513 0.100000 0.000001 -0.000005 0.048057 0.998845
1006.673000 5.773334 0.960096 0.113393 0.000497 -0.033494 0.014840 0.999329
1007.723000 6.022209 0.990540 0.099999 -0.000009 0.000004 -0.095149 0.995463
1008.723000 6.081044 0.964778 0.099999 0.000002 0.000007 -0.282021 0.959408
1009.723000 6.089401 0.960216 0.100001 0.000003 -0.000001 -0.580372 0.814351
1010.774000 6.240710 0.084450 0.100002 0.000001 -0.000001 -0.645629 0.763651
1011.774000 6.404545 -0.475652 0.100001 -0.000000 0.000001 -0.523925 0.851765
1012.874000 6.949715 -1.554651 0.099999 0.000002 0.000004 -0.523929 0.851762
1013.874000 7.445276 -2.535457 0.100000 -0.000002 -0.000004 -0.523943 0.851754
1014.874000 7.809441 -3.180750 0.100001 -0.000002 0.000001 -0.638349 0.769747
1015.874000 7.818317 -3.784621 0.099998 -0.000006 -0.000006 -0.701241 0.712925
1016.874000 7.836467 -4.883486 0.100001 -0.000002 0.000008 -0.701245 0.712920
1017.924000 7.855513 -6.037170 0.100002 0.000000 -0.000001 -0.701248 0.712918
1018.974000 7.855732 -6.248017 0.100002 -0.000000 0.000001 -0.858952 0.512057
1019.974000 7.849181 -6.255881 0.100002 -0.000002 0.000003 0.981339 -0.192284
1021.024000 7.325166 -6.220564 0.100002 -0.000000 0.000002 0.999142 0.041418
1022.024000 6.230023 -6.129604 0.099997 0.000010 -0.000003 0.999142 0.041424
1023.124000 5.276507 -6.073644 0.100001 0.000001 -0.000007 0.994370 0.105967
1024.124000 5.357811 -6.057098 0.100001 -0.000001 -0.000001 0.947656 0.319294
1025.174000 5.330806 -6.030432 0.124348 0.049621 -0.035446 0.812212 0.580166
1026.177000 4.970127 -4.974024 0.100001 -0.000000 -0.000000 0.813497 0.581569
1027.177000 4.840202 -4.754634 0.100001 -0.000001 -0.000000 0.735429 0.677602
1028.277000 4.840412 -4.828737 0.122017 0.039338 -0.038616 0.712586 0.699416
1029.279000 4.874716 -4.049570 0.100002 0.000002 0.000004 0.660052 0.751220
1030.379000 4.976467 -3.039934 0.100002 -0.000001 -0.000000 0.682462 0.730921
1031.429000 5.055571 -1.888798 0.100002 0.000001 0.000001 0.682432 0.730949
1032.480000 5.134846 -0.736568 0.099999 0.000004 -0.000003 0.682405 0.730975
1033.530000 5.160437 0.084503 0.100000 -0.000001 -0.000005 0.617166 0.786833
1034.530000 5.172566 0.021415 0.100002 -0.000000 0.000001 0.416088 0.909325
1035.580000 5.169600 0.018239 0.100003 0.000004 0.000003 0.083627 0.996497
1036.580000 5.559867 -0.028732 0.099997 -0.000006 -0.000005 -0.054051 0.998538
1037.580000 6.115408 -0.049117 0.122118 -0.000466 0.055375 0.008453 0.998430
1038.580000 6.570606 -0.235870 0.100000 -0.000000 0.000002 -0.179251 0.983803
1039.582000 7.159881 -0.421314 0.099999 0.000007 -0.000001 -0.338606 0.940928
1040.632000 7.250567 -0.681030 0.099999 0.000006 0.000002 -0.576280 0.817252
1041.632000 7.619553 -1.716125 0.100002 -0.000001 0.000002 -0.576291 0.817244
1042.683000 7.978061 -2.695762 0.125734 0.039121 0.051237 -0.605604 0.793151
1043.733000 8.033658 -3.211412 0.100002 -0.000000 -0.000001 -0.682027 0.731327
1044.833000 8.117921 -4.417264 0.100001 -0.000000 -0.000001 -0.682008 0.731344
1045.933000 8.181484 -5.502596 0.100002 -0.000000 -0.000000 -0.692617 0.721305
1046.933000 8.238496 -6.351590 0.100041 -0.000072 -0.000062 -0.739536 0.673117
1047.933000 8.236382 -6.423558 0.099999 0.000004 -0.000007 -0.797145 0.603788
1048.983000 8.255527 -6.411470 0.100001 0.000002 0.000001 0.939363 -0.342923
1050.083000 8.279399 -6.413476 0.100002 -0.000000 0.000002 0.999354 0.035929
1051.183000 7.815196 -6.336877 0.100000 0.000004 -0.000001 0.999906 -0.013719
1052.233000 6.863985 -6.389659 0.100000 0.000004 0.000001 0.999674 -0.025514
1053.283000 5.711628 -6.448477 0.100000 -0.000006 -0.000005 0.999675 -0.025491
1054.333000 5.399058 -6.490803 0.100001 -0.000002 -0.000000 0.997535 0.070168
1055.384000 5.370400 -6.489299 0.100000 0.000007 0.000009 0.981141 0.193293
1056.435000 5.332559 -6.489877 0.100001 -0.000001 0.000000 0.893371 0.449319
1057.435000 5.336465 -6.598287 0.100001 -0.000003 -0.000001 0.768674 0.639641
1058.487000 5.285956 -6.015456 0.100001 -0.000001 0.000001 0.738839 0.673882
1059.589000 5.174863 -4.809552 0.099996 -0.000001 0.000001 0.738831 0.673890
1060.640000 5.173789 -3.964331 0.099999 -0.000000 0.000007 0.696031 0.718011
1061.689000 5.136569 -3.011857 0.100000 0.000002 -0.000004 0.729318 0.684175
1062.739000 5.062951 -1.860359 0.100001 0.000001 0.000003 0.729316 0.684177
1063.789000 4.989343 -0.708856 0.100001 -0.000002 -0.000000 0.729312 0.684181
1064.790000 4.919151 0.388909 0.099998 -0.000004 0.000008 0.729324 0.684169
1065.839000 4.904803 0.310891 0.099999 -0.000000 0.000001 0.657769 0.753220
1066.889000 5.022555 0.614622 0.116812 -0.025484 0.033463 0.605373 0.794830
1067.939000 4.988560 0.605123 0.100001 -0.000002 0.000001 0.333176 0.942865
1068.939000 5.329870 0.867187 0.100002 -0.000002 0.000002 0.132970 0.991120
1069.989000 5.788836 0.924480 0.100001 0.000000 0.000002 0.063536 0.997980
1071.039000 6.024052 0.984212 0.100001 -0.000001 -0.000002 0.002394 0.999997
1072.139000 6.454612 0.976717 0.120578 0.000490 0.051511 -0.009404 0.998628
1073.139000 6.327363 1.002852 0.100001 -0.000002 0.000001 -0.168638 0.985678
1074.139000 6.374576 0.993852 0.100001 0.000001 0.000002 -0.402253 0.915528
1075.239000 6.522525 0.708188 0.102132 0.003275 0.004140 -0.623470 0.781830
1076.239000 6.677452 -0.274200 0.100001 -0.000002 -0.000002 -0.648218 0.761455
1077.339000 6.797113 -1.250936 0.100118 -0.000172 -0.000241 -0.587446 0.809263
1078.389000 7.138917 -1.843224 0.100000 -0.000007 0.000003 -0.521995 0.852949
1079.390000 7.640108 -2.823962 0.100001 0.000002 0.000002 -0.521986 0.852954
1080.391000 8.013062 -3.486816 0.100000 -0.000001 0.000005 -0.613966 0.789332
1081.392000 8.090245 -3.667482 0.107775 -0.014001 -0.013484 -0.720168 0.693527
1082.392000 8.042955 -4.733762 0.100000 0.000000 -0.000000 -0.721848 0.692051
1083.392000 7.996688 -5.831690 0.100002 -0.000000 0.000003 -0.721835 0.692065
1084.392000 8.008632 -6.086903 0.100002 0.000000 -0.000002 -0.799214 0.601047
1085.392000 7.823263 -6.355280 0.100001 0.000000 -0.000003 0.890886 -0.454227
1086.443000 7.793401 -6.547285 0.100001 -0.000004 0.000000 0.980305 -0.197490
1087.542000 7.950513 -6.545766 0.099999 0.000000 -0.000009 0.997619 -0.068968
1088.542000 7.552749 -6.576557 0.105224 -0.013057 0.000065 0.999900 0.005388
1089.542000 6.692645 -6.514495 0.100001 0.000001 0.000003 0.999466 0.032665
1090.591000 5.542351 -6.439224 0.100001 -0.000004 -0.000001 0.999466 0.032661
1091.592000 5.157823 -6.439003 0.100001 0.000001 -0.000000 0.985963 0.166964
1092.592000 5.097460 -6.436349 0.099998 -0.000008 0.000002 0.921289 0.388879
1093.643000 5.100915 -6.529970 0.100001 -0.000001 0.000001 0.806593 0.591108
1094.643000 5.101852 -6.626726 0.099999 -0.000008 -0.000005 0.735401 0.677632
1095.643000 5.083755 -5.933619 0.100000 0.000003 0.000005 0.718812 0.695205
1096.643000 5.047062 -4.835318 0.099998 -0.000002 0.000003 0.718827 0.695189
1097.693000 5.008422 -3.682122 0.099999 0.000005 -0.000001 0.718856 0.695159
1098.693000 4.971569 -2.583826 0.099999 -0.000003 0.000004 0.718889 0.695125
1099.693000 4.928024 -1.868707 0.100002 0.000000 -0.000000 0.660751 0.750605
1100.693000 5.097580 -0.881345 0.100000 -0.000002 -0.000004 0.648062 0.761588
1101.743000 5.190529 -0.106995 0.100002 -0.000005 0.000002 0.564890 0.825166
1102.793000 5.185553 -0.177504 0.100001 -0.000004 -0.000000 0.332754 0.943014
1103.843000 5.579645 0.091279 0.099998 -0.000011 0.000002 0.108198 0.994129
1104.893000 5.774230 0.090892 0.100001 -0.000003 -0.000000 0.038484 0.999259
1105.893000 6.319365 0.127858 0.113095 0.000162 0.032757 -0.004938 0.999451
1106.943000 6.127635 0.132259 0.100002 -0.000001 -0.000002 -0.086093 0.996287
1108.043000 6.585704 -0.026113 0.099999 0.000006 -0.000003 -0.166763 0.985997
1109.093000 6.623875 -0.014230 0.100002 -0.000001 -0.000001 -0.481848 0.876255
1110.093000 7.032553 -0.840258 0.100000 0.000001 -0.000003 -0.523499 0.852026
1111.143000 7.554060 -1.869527 0.099999 0.000002 -0.000005 -0.523426 0.852071
1112.193000 7.681358 -1.962521 0.100001 -0.000004 0.000004 -0.655874 0.754871
1113.243000 7.688229 -2.073193 0.100299 -0.000152 -0.000158 -0.692323 0.721588
1114.243000 7.733693 -3.171286 0.100001 0.000002 -0.000002 -0.692312 0.721598
1115.243000 7.779192 -4.269256 0.100001 -0.000002 0.000006 -0.692308 0.721602
1116.293000 7.826996 -5.422115 0.099999 0.000001 0.000004 -0.692309 0.721601
1117.293000 7.884210 -6.258540 0.100002 0.000000 0.000001 -0.741198 0.671287
1118.293000 7.884103 -6.135513 0.100000 -0.000000 0.000001 -0.820742 0.571299
1119.393000 7.882905 -6.072028 0.100000 0.000001 -0.000004 0.949772 -0.312943
1120.443000 7.864344 -6.099910 0.099998 0.000008 0.000001 0.999967 0.008102
