923.765000 5.500790 -6.001145 0.099998 -0.000003 0.000004 0.705714 0.708496
940.265000 5.504727 -5.268473 0.206342 0.194955 -0.196317 0.677121 0.681879
941.265000 5.522249 -2.882402 0.100001 0.000001 -0.000001 0.704491 0.709713
942.315000 5.539723 -0.470066 0.100001 -0.000000 0.000000 0.704610 0.709595
943.315000 5.436194 -0.086068 0.100001 0.000003 0.000001 0.474605 0.880199
944.315000 5.445769 -0.083708 0.100002 0.000000 0.000002 0.190771 0.981635
945.416000 5.590380 -0.106200 0.148775 -0.016210 -0.121791 -0.130919 0.983750
946.516000 6.645384 -0.562908 0.100001 -0.000000 -0.000001 -0.285792 0.958292
947.516000 7.812628 -1.313195 0.146649 0.036602 0.111589 -0.309384 0.943658
948.616000 7.968424 -1.615955 0.135628 -0.050383 -0.073899 -0.561058 0.822930
949.666000 8.047289 -2.453922 0.100001 0.000000 -0.000003 -0.726555 0.687108
950.716000 7.959093 -4.034249 0.100002 -0.000001 -0.000001 -0.726527 0.687138
951.766000 7.870961 -5.614591 0.100002 -0.000001 -0.000001 -0.726527 0.687138
952.816000 7.889397 -6.329350 0.099999 0.000003 -0.000006 -0.836952 0.547276
953.866000 7.866745 -6.317075 0.109504 0.022485 0.007712 0.945419 -0.324988
954.968000 7.664442 -6.443626 0.123526 0.058888 -0.001969 0.997703 0.033422
956.066000 6.447619 -6.357020 0.100001 -0.000001 -0.000000 0.999375 0.035349
957.066000 5.355151 -6.279753 0.103000 -0.007491 0.000268 0.999345 0.035413
958.066000 5.376376 -6.288278 0.100000 -0.000003 -0.000001 0.957737 0.287646
959.117000 5.381755 -6.283545 0.100000 -0.000001 -0.000005 0.846985 0.531617
960.168000 5.389317 -5.974990 0.115834 -0.026702 0.029260 0.673563 0.738067
961.218000 5.373034 -5.220830 0.099996 -0.000005 0.000002 0.720949 0.692988
962.218000 5.329592 -4.122801 0.099999 0.000004 0.000006 0.720960 0.692977
963.218000 5.360978 -3.492227 0.100001 -0.000001 -0.000002 0.674864 0.737942
964.268000 5.514515 -2.562070 0.100001 0.000000 -0.000002 0.634929 0.772571
965.268000 5.672325 -1.702533 0.102006 0.003475 -0.003612 0.694027 0.719931
966.268000 5.712474 -0.602926 0.100002 0.000000 0.000001 0.694057 0.719920
967.268000 5.723146 0.202396 0.100001 0.000002 -0.000002 0.652212 0.758036
968.318000 5.724618 0.305688 0.100000 -0.000003 -0.000004 0.550529 0.834816
969.368000 5.703314 0.347177 0.100001 -0.000000 0.000003 0.303394 0.952865
970.369000 5.614946 0.344611 0.100002 -0.000000 -0.000000 0.125495 0.992094
971.469000 5.818949 0.345585 0.100001 -0.000002 -0.000003 0.037290 0.999305
972.569000 6.593072 0.392392 0.100001 -0.000001 0.000001 -0.031991 0.999488
973.619000 6.598410 0.384350 0.099998 -0.000003 0.000008 -0.248768 0.968563
974.669000 6.866141 0.127397 0.120127 0.023804 0.044397 -0.472141 0.880082
975.769000 7.218973 -0.687847 0.100001 -0.000002 -0.000001 -0.554699 0.832051
976.769000 7.475463 -1.378064 0.100017 0.000024 0.000027 -0.650043 0.759897
977.769000 7.645698 -2.463701 0.100001 0.000001 -0.000009 -0.650025 0.759913
978.819000 7.813038 -3.503272 0.124132 0.040255 0.045081 -0.664912 0.744472
979.869000 7.817852 -4.139934 0.100001 -0.000002 -0.000002 -0.712534 0.701637
980.869000 7.800897 -5.238704 0.100000 0.000004 -0.000002 -0.712540 0.701632
981.869000 7.787315 -6.268108 0.123568 0.042270 0.041187 -0.714971 0.696658
982.869000 7.801238 -6.254970 0.100002 0.000001 0.000001 -0.803261 0.595628
983.870000 7.804201 -6.248926 0.100001 -0.000000 -0.000001 0.906551 -0.422096
984.870000 7.618073 -6.304680 0.118059 0.044204 0.009407 0.977091 -0.207966
985.970000 7.579418 -6.411825 0.099999 -0.000009 -0.000001 0.998904 -0.046804
986.970000 6.620259 -6.482085 0.099998 0.000011 0.000000 0.999358 -0.035818
988.020000 5.871614 -6.495308 0.100002 -0.000000 0.000000 0.999776 0.021182
989.070000 5.023680 -6.479044 0.100001 -0.000002 0.000001 0.996557 0.082914
990.171000 4.905468 -6.481353 0.100002 0.000001 -0.000001 0.971633 0.236494
991.270000 4.909736 -6.523199 0.100002 -0.000000 -0.000003 0.848335 0.529460
992.272000 4.862808 -6.389221 0.099993 0.000002 -0.000003 0.700099 0.714046
993.273000 4.859542 -6.226949 0.100001 -0.000001 -0.000001 0.640085 0.768304
995.373000 4.930979 -5.326869 0.100002 -0.000001 0.000000 0.675805 0.737081
996.423000 5.030868 -4.177349 0.100000 -0.000004 -0.000002 0.675817 0.737069
997.473000 5.126509 -3.342531 0.100002 0.000001 0.000003 0.729969 0.683480
998.473000 5.016653 -2.590056 0.099999 0.000003 0.000005 0.746486 0.665401
999.473000 4.897339 -1.555460 0.122615 -0.042018 0.037994 0.740602 0.669552
1000.473000 4.920805 -1.105663 0.099999 0.000007 -0.000005 0.677110 0.735882
1001.523000 4.985141 -0.122292 0.110410 -0.016870 0.019835 0.646689 0.762309
1002.523000 5.148695 0.477728 0.120867 -0.028790 0.043585 0.550436 0.833242
1003.573000 5.102818 0.490408 0.100365 0.000226 -0.000897 0.244589 0.969626
1004.623000 5.984707 0.947559 0.122944 -0.010773 0.056450 0.187008 0.980676
1005.673000 5.945441 0.959514 0.100002 -0.000001 -0.000000 0.048101 0.998843
1006.673000 5.772942 0.960082 0.113116 0.000488 -0.032801 0.014876 0.999351
1007.723000 6.022279 0.990539 0.099999 -0.000002 -0.000004 -0.095056 0.995472
1008.723000 6.081011 0.964788 0.100002 0.000000 -0.000000 -0.281794 0.959475
1009.723000 6.089392 0.960216 0.100001 0.000003 -0.000001 -0.580018 0.814604
1010.774000 6.240527 0.085534 0.100002 0.000002 -0.000003 -0.645629 0.763651
1011.774000 6.404103 -0.474780 0.100001 0.000002 -0.000005 -0.523925 0.851765
1012.874000 6.949218 -1.553669 0.099999 -0.000001 -0.000004 -0.523929 0.851762
1013.874000 7.444782 -2.534478 0.099999 0.000004 0.000007 -0.523943 0.851753
1014.874000 7.809479 -3.180802 0.100001 -0.000002 0.000001 -0.638053 0.769993
1015.874000 7.818301 -3.783647 0.100001 0.000001 0.000001 -0.701241 0.712925
1016.874000 7.836449 -4.882388 0.100001 -0.000002 0.000008 -0.701245 0.712920
1017.924000 7.855495 -6.036071 0.099999 -0.000003 -0.000003 -0.701247 0.712918
1018.974000 7.855784 -6.248017 0.100002 0.000000 0.000002 -0.858749 0.512396
1019.974000 7.849181 -6.255862 0.100002 -0.000002 0.000003 0.981258 -0.192698
1021.024000 7.326262 -6.220655 0.100002 -0.000000 0.000002 0.999142 0.041419
1022.024000 6.231118 -6.129695 0.099998 0.000007 -0.000002 0.999142 0.041424
1023.124000 5.276433 -6.073689 0.100000 0.000000 0.000004 0.994400 0.105683
1024.124000 5.357810 -6.057110 0.099999 -0.000004 -0.000007 0.947763 0.318976
1025.174000 5.331046 -6.031316 0.124109 0.049152 -0.035097 0.812333 0.580057
1026.177000 4.970483 -4.975063 0.100002 0.000001 0.000005 0.813497 0.581569
1027.177000 4.840202 -4.754488 0.100001 -0.000001 -0.000000 0.735458 0.677570
1028.277000 4.840410 -4.829368 0.121795 0.038942 -0.038230 0.712648 0.699396
1029.279000 4.874576 -4.050660 0.100000 0.000007 0.000005 0.660051 0.751221
1030.379000 4.976391 -3.041030 0.100002 -0.000001 0.000000 0.682462 0.730921
1031.429000 5.055495 -1.889894 0.100002 0.000001 0.000001 0.682432 0.730949
1032.480000 5.134770 -0.737664 0.099996 0.000001 -0.000001 0.682405 0.730974
1033.530000 5.160439 0.084628 0.100001 -0.000001 -0.000000 0.617256 0.786763
1034.530000 5.172561 0.021415 0.100002 -0.000006 -0.000008 0.416372 0.909194
1035.580000 5.169600 0.018247 0.100003 0.000004 0.000004 0.084422 0.996430
1036.580000 5.558774 -0.028615 0.099999 0.000002 -0.000001 -0.054051 0.998538
1037.580000 6.115029 -0.049131 0.121843 -0.000460 0.054683 0.008471 0.998468
1038.580000 6.569576 -0.235483 0.100002 0.000003 -0.000002 -0.179251 0.983803
1039.582000 7.159894 -0.421284 0.100000 0.000004 0.000001 -0.338276 0.941047
1040.632000 7.250197 -0.679994 0.100002 0.000003 -0.000000 -0.576280 0.817253
1041.632000 7.619184 -1.715090 0.100002 -0.000000 0.000001 -0.576291 0.817244
1042.683000 7.977922 -2.695671 0.125634 0.038945 0.051056 -0.605303 0.793401
1043.733000 8.033581 -3.210316 0.100001 0.000001 -0.000002 -0.682027 0.731327
1044.833000 8.117845 -4.416169 0.100000 0.000003 -0.000004 -0.682008 0.731344
1045.933000 8.181440 -5.501498 0.100002 -0.000001 0.000004 -0.692617 0.721306
1046.933000 8.238458 -6.351700 0.099963 0.000072 0.000067 -0.739394 0.673273
1047.933000 8.236388 -6.423433 0.100001 -0.000001 -0.000002 -0.797065 0.603893
1048.983000 8.255496 -6.411470 0.100002 0.000001 -0.000001 0.939268 -0.343185
1050.083000 8.279411 -6.413483 0.100002 -0.000002 -0.000001 0.999357 0.035865
1051.183000 7.815066 -6.336874 0.100001 0.000001 -0.000000 0.999906 -0.013702
1052.233000 6.865082 -6.389603 0.100001 0.000003 0.000002 0.999674 -0.025515
1053.283000 5.712727 -6.448420 0.099999 0.000003 -0.000000 0.999675 -0.025491
1054.333000 5.398887 -6.490798 0.100002 -0.000002 -0.000002 0.997540 0.070101
1055.384000 5.370527 -6.489305 0.099997 -0.000006 -0.000006 0.981174 0.193128
1056.435000 5.332549 -6.489827 0.100001 -0.000005 -0.000002 0.893498 0.449067
1057.435000 5.336467 -6.598120 0.100001 -0.000002 0.000004 0.768737 0.639565
1058.487000 5.286055 -6.016551 0.099996 -0.000002 -0.000008 0.738839 0.673882
1059.589000 5.174963 -4.810648 0.099996 -0.000000 -0.000011 0.738831 0.673890
1060.640000 5.173769 -3.964930 0.099997 -0.000003 0.000000 0.696031 0.718011
1061.689000 5.136640 -3.012951 0.099998 -0.000005 0.000006 0.729317 0.684176
1062.739000 5.063021 -1.861457 0.100002 0.000006 0.000001 0.729316 0.684177
1063.789000 4.989414 -0.709952 0.099997 -0.000004 0.000006 0.729312 0.684181
1064.790000 4.919220 0.387810 0.099998 0.000005 -0.000007 0.729323 0.684169
1065.839000 4.904796 0.311061 0.100000 0.000003 0.000002 0.657810 0.753184
1066.889000 5.022510 0.614270 0.116528 -0.025057 0.032895 0.605484 0.794782
1067.939000 4.988534 0.605121 0.099998 -0.000004 0.000008 0.333482 0.942757
1068.939000 5.330024 0.867184 0.100000 0.000002 0.000003 0.133099 0.991103
1069.989000 5.787746 0.924341 0.100001 0.000000 0.000002 0.063536 0.997980
1071.039000 6.024227 0.984210 0.100000 -0.000001 0.000003 0.002387 0.999997
1072.139000 6.454203 0.976729 0.120264 0.000485 0.050723 -0.009415 0.998668
1073.139000 6.327449 1.002848 0.100001 -0.000002 0.000001 -0.168483 0.985705
1074.139000 6.374584 0.993860 0.100000 0.000001 -0.000000 -0.401986 0.915646
1075.239000 6.521646 0.707637 0.103482 0.005127 0.006522 -0.622057 0.782928
1076.239000 6.677276 -0.273115 0.099998 0.000000 -0.000008 -0.648219 0.761454
1077.339000 6.798067 -1.251309 0.101077 0.001357 0.001862 -0.588677 0.808365
1078.389000 7.138415 -1.842246 0.100001 -0.000000 -0.000002 -0.521995 0.852949
1079.390000 7.638983 -2.821762 0.099998 0.000007 0.000006 -0.521986 0.852954
1080.391000 8.013063 -3.486991 0.099999 0.000003 -0.000006 -0.613878 0.789401
1081.392000 8.090282 -3.667168 0.107450 -0.013432 -0.012937 -0.720174 0.693543
1082.392000 8.043001 -4.732662 0.099997 0.000000 -0.000010 -0.721848 0.692052
1083.392000 7.996735 -5.830591 0.100002 -0.000000 0.000002 -0.721835 0.692065
1084.392000 8.008632 -6.086986 0.100002 0.000000 -0.000002 -0.799133 0.601154
1085.392000 7.823908 -6.354390 0.100000 -0.000003 0.000001 0.890886 -0.454227
1086.443000 7.793270 -6.547291 0.100001 -0.000005 0.000002 0.980270 -0.197662
1087.542000 7.950625 -6.545763 0.100000 -0.000002 -0.000004 0.997599 -0.069255
1088.542000 7.552711 -6.576422 0.105416 -0.013543 0.000026 0.999896 0.005035
1089.542000 6.693741 -6.514567 0.100001 0.000001 -0.000001 0.999466 0.032665
1090.591000 5.543448 -6.439296 0.100002 -0.000000 -0.000002 0.999466 0.032661
1091.592000 5.157795 -6.439003 0.099998 -0.000002 -0.000011 0.985988 0.166816
1092.592000 5.097459 -6.436350 0.099999 0.000008 -0.000003 0.921422 0.388563
1093.643000 5.100915 -6.529824 0.100001 -0.000001 0.000001 0.806675 0.590995
1094.643000 5.101853 -6.626775 0.100000 -0.000005 -0.000001 0.735435 0.677595
1095.643000 5.083791 -5.934717 0.100000 0.000001 -0.000001 0.718813 0.695204
1096.643000 5.047099 -4.836418 0.100001 0.000003 -0.000002 0.718827 0.695189
1097.693000 5.008459 -3.683218 0.099998 -0.000005 0.000007 0.718857 0.695158
1098.693000 4.971605 -2.584925 0.100001 -0.000002 -0.000002 0.718889 0.695125
1099.693000 4.928013 -1.868569 0.100002 0.000000 -0.000000 0.660857 0.750512
1100.693000 5.097405 -0.882429 0.100000 0.000003 0.000001 0.648062 0.761588
1101.743000 5.190530 -0.106889 0.099998 0.000001 0.000008 0.565016 0.825080
1102.793000 5.185559 -0.177503 0.100001 0.000002 0.000002 0.333030 0.942916
1103.843000 5.579591 0.091330 0.100001 -0.000003 0.000001 0.108427 0.994104
1104.893000 5.774167 0.090891 0.099999 0.000004 -0.000001 0.038525 0.999258
1105.893000 6.319418 0.127717 0.113343 0.000141 0.033377 -0.004580 0.999432
1106.943000 6.127802 0.132260 0.100002 -0.000001 -0.000002 -0.086011 0.996294
1108.043000 6.584667 -0.025751 0.100002 -0.000001 -0.000001 -0.166763 0.985997
1109.093000 6.623868 -0.014145 0.099999 -0.000006 0.000002 -0.481642 0.876368
1110.093000 7.032057 -0.839278 0.100001 0.000000 0.000000 -0.523498 0.852027
1111.143000 7.553564 -1.868546 0.100000 -0.000003 0.000000 -0.523426 0.852071
1112.193000 7.681358 -1.962681 0.100001 0.000003 -0.000004 -0.655823 0.754915
1113.243000 7.688159 -2.071496 0.101280 -0.001922 -0.002002 -0.692315 0.721590
1114.243000 7.733647 -3.170188 0.100001 0.000002 -0.000002 -0.692312 0.721598
1115.243000 7.779147 -4.268157 0.099999 -0.000006 0.000005 -0.692307 0.721603
1116.293000 7.826950 -5.421017 0.100001 0.000000 -0.000000 -0.692309 0.721601
1117.293000 7.884250 -6.258655 0.100002 0.000000 0.000001 -0.741073 0.671425
1118.293000 7.884097 -6.135624 0.100000 0.000003 -0.000000 -0.820655 0.571425
1119.393000 7.882898 -6.072029 0.100000 0.000000 0.000004 0.949686 -0.313204
1120.443000 7.864341 -6.099911 0.099999 -0.000006 -0.000003 0.999967 0.008103
