923.765000 5.797664 -5.713663 0.099832 -0.000036 -0.000062 0.726199 0.687485
940.265000 5.758476 -4.979581 0.206093 0.200359 -0.190354 0.696915 0.661764
941.265000 5.657774 -3.017038 0.099917 -0.000036 -0.000062 0.724988 0.688762
942.315000 5.533881 -0.607824 0.099989 -0.000038 -0.000070 0.725104 0.688640
943.315000 5.408146 -0.232873 0.099989 -0.000026 -0.000075 0.500014 0.866018
944.315000 5.417570 -0.229904 0.099993 0.000004 -0.000071 0.219085 0.975706
945.416000 5.563139 -0.243888 0.148928 -0.012648 -0.122645 -0.102030 0.987111
946.516000 6.598926 -0.629242 0.100139 0.000031 -0.000070 -0.262024 0.965061
947.516000 7.800860 -1.320239 0.147260 0.034139 0.113180 -0.286302 0.950819
948.616000 7.966896 -1.613190 0.135701 -0.049558 -0.073775 -0.556050 0.826383
949.666000 8.048130 -2.432435 0.100277 0.000063 -0.000040 -0.724434 0.689345
950.716000 7.969673 -4.013444 0.100206 0.000063 -0.000035 -0.724406 0.689374
951.766000 7.891295 -5.594132 0.100133 0.000063 -0.000030 -0.724405 0.689375
952.816000 7.914218 -6.307135 0.100108 0.000068 -0.000021 -0.835349 0.549720
953.866000 7.891061 -6.295414 0.110065 0.023457 0.008167 0.944475 -0.327644
954.968000 7.688765 -6.423060 0.123782 0.059286 -0.001734 0.997824 0.028793
956.066000 6.482368 -6.348701 0.099905 -0.000071 -0.000022 0.999531 0.030616
957.066000 5.388510 -6.281703 0.102244 -0.006402 0.000185 0.999509 0.030684
958.066000 5.411583 -6.290172 0.099755 -0.000060 -0.000035 0.959088 0.283107
959.117000 5.416920 -6.285360 0.099756 -0.000051 -0.000051 0.849384 0.527776
960.168000 5.421595 -5.976217 0.115990 -0.027540 0.029790 0.677052 0.734816
961.218000 5.398023 -5.222861 0.099796 -0.000037 -0.000064 0.724358 0.689424
962.218000 5.343750 -4.125314 0.099830 -0.000039 -0.000061 0.724369 0.689413
963.218000 5.369086 -3.494097 0.099858 -0.000031 -0.000066 0.678496 0.734604
964.268000 5.513527 -2.562851 0.099914 -0.000027 -0.000066 0.638732 0.769429
965.268000 5.662633 -1.702658 0.102123 0.003731 -0.003934 0.697609 0.716458
966.268000 5.691975 -0.601919 0.100017 -0.000035 -0.000063 0.697599 0.716488
967.268000 5.694674 0.202258 0.100048 -0.000030 -0.000068 0.655892 0.754854
968.318000 5.695127 0.305805 0.100049 -0.000029 -0.000075 0.554497 0.832186
969.368000 5.673405 0.346947 0.100050 -0.000004 -0.000069 0.308075 0.951362
970.369000 5.585195 0.343508 0.100034 0.000004 -0.000068 0.130261 0.991480
971.469000 5.789351 0.346499 0.100065 0.000017 -0.000067 0.042157 0.999111
972.569000 6.562575 0.400930 0.100177 0.000020 -0.000071 -0.027096 0.999633
973.619000 6.568346 0.392952 0.100173 0.000036 -0.000063 -0.244579 0.969629
974.669000 6.838476 0.138793 0.120217 0.023521 0.044200 -0.468209 0.882198
975.769000 7.198298 -0.672104 0.100226 0.000053 -0.000049 -0.550980 0.834518
976.769000 7.460685 -1.360072 0.100235 0.000063 -0.000044 -0.646645 0.762791
977.769000 7.640606 -2.444155 0.100219 0.000060 -0.000036 -0.646627 0.762806
978.819000 7.817122 -3.481272 0.124420 0.040271 0.045367 -0.661760 0.747258
979.869000 7.827315 -4.117079 0.100180 0.000065 -0.000033 -0.709725 0.704479
980.869000 7.819141 -5.215946 0.100136 0.000061 -0.000038 -0.709731 0.704472
981.869000 7.813848 -6.244554 0.123734 0.042302 0.041443 -0.712274 0.699399
982.869000 7.827563 -6.234053 0.100099 0.000064 -0.000025 -0.801508 0.597984
983.870000 7.830482 -6.227798 0.100100 -0.000072 0.000011 0.905497 -0.424353
984.870000 7.643563 -6.285325 0.117873 0.043472 0.009405 0.976475 -0.210993
985.970000 7.608581 -6.391410 0.100062 -0.000072 -0.000018 0.998787 -0.049235
986.970000 6.647931 -6.466572 0.099924 -0.000071 -0.000020 0.999266 -0.038304
988.020000 5.899469 -6.483328 0.099818 -0.000071 -0.000022 0.999825 0.018695
989.070000 5.053123 -6.471341 0.099698 -0.000075 -0.000027 0.996751 0.080550
990.171000 4.934859 -6.474266 0.099682 -0.000064 -0.000037 0.972131 0.234440
991.270000 4.939350 -6.516130 0.099679 -0.000055 -0.000051 0.849540 0.527524
992.272000 4.891743 -6.382417 0.099680 -0.000033 -0.000065 0.701858 0.712317
993.273000 4.887677 -6.220037 0.099682 -0.000035 -0.000064 0.641922 0.766770
995.373000 4.954800 -5.317574 0.099730 -0.000034 -0.000065 0.677636 0.735398
996.423000 5.048891 -4.168543 0.099787 -0.000036 -0.000065 0.677649 0.735385
997.473000 5.140266 -3.334531 0.099833 -0.000037 -0.000059 0.731728 0.681597
998.473000 5.026558 -2.581345 0.099845 -0.000040 -0.000059 0.748139 0.663542
999.473000 4.902164 -1.548202 0.122647 -0.042437 0.038099 0.742131 0.667824
1000.473000 4.923575 -1.097748 0.099884 -0.000028 -0.000065 0.678507 0.734594
1001.523000 4.983895 -0.115227 0.110123 -0.016541 0.019339 0.647786 0.761397
1002.523000 5.145183 0.484343 0.121021 -0.029160 0.043816 0.552270 0.832002
1003.573000 5.099579 0.498442 0.099973 0.000007 -0.000076 0.245309 0.969445
1004.623000 5.981059 0.957678 0.123076 -0.010796 0.056394 0.187566 0.980572
1005.673000 5.944257 0.970485 0.100111 0.000017 -0.000076 0.048202 0.998838
1006.673000 5.772278 0.971018 0.113480 0.000520 -0.033564 0.014984 0.999324
1007.723000 6.019690 1.001491 0.100123 0.000017 -0.000065 -0.095244 0.995454
1008.723000 6.078521 0.975718 0.100129 0.000041 -0.000055 -0.282113 0.959381
1009.723000 6.086876 0.971155 0.100133 0.000060 -0.000047 -0.580450 0.814296
1010.774000 6.238019 0.095360 0.100121 0.000061 -0.000042 -0.645702 0.763590
1011.774000 6.401747 -0.464774 0.100121 0.000053 -0.000049 -0.524006 0.851715
1012.874000 6.946712 -1.543877 0.100154 0.000055 -0.000045 -0.524010 0.851712
1013.874000 7.442087 -2.524776 0.100187 0.000051 -0.000054 -0.524024 0.851704
1014.874000 7.806129 -3.170139 0.100215 0.000058 -0.000041 -0.638422 0.769686
1015.874000 7.814890 -3.774012 0.100189 0.000057 -0.000043 -0.701308 0.712858
1016.874000 7.832831 -4.872881 0.100152 0.000062 -0.000028 -0.701313 0.712853
1017.924000 7.851658 -6.026569 0.100111 0.000063 -0.000037 -0.701315 0.712851
1018.974000 7.851838 -6.237415 0.100102 0.000070 -0.000018 -0.859000 0.511975
1019.974000 7.845285 -6.245278 0.100102 -0.000075 -0.000003 0.981358 -0.192191
1021.024000 7.321277 -6.209860 0.100029 -0.000070 -0.000020 0.999138 0.041513
1022.024000 6.226151 -6.118692 0.099873 -0.000060 -0.000025 0.999138 0.041519
1023.124000 5.272645 -6.062551 0.099746 -0.000067 -0.000033 0.994360 0.106062
1024.124000 5.353952 -6.046021 0.099757 -0.000061 -0.000042 0.947625 0.319385
1025.174000 5.326949 -6.019351 0.124102 0.049571 -0.035507 0.812160 0.580240
1026.177000 4.970127 -4.973533 0.099745 -0.000046 -0.000057 0.813440 0.581649
1027.177000 4.840245 -4.754117 0.099735 -0.000040 -0.000062 0.735362 0.677674
1028.277000 4.840437 -4.828221 0.121748 0.039298 -0.038683 0.712519 0.699483
1029.279000 4.875030 -4.056212 0.099767 -0.000030 -0.000061 0.659644 0.751578
1030.379000 4.977876 -3.046687 0.099821 -0.000035 -0.000065 0.682065 0.731292
1031.429000 5.058230 -1.895638 0.099877 -0.000033 -0.000064 0.682035 0.731320
1032.480000 5.138756 -0.743495 0.099930 -0.000030 -0.000068 0.682008 0.731345
1033.530000 5.165239 0.077548 0.099966 -0.000030 -0.000072 0.616739 0.787168
1034.530000 5.177300 0.014447 0.099968 -0.000012 -0.000072 0.415594 0.909550
1035.580000 5.174331 0.011274 0.099968 0.000018 -0.000068 0.083086 0.996542
1036.580000 5.564547 -0.036121 0.100016 0.000017 -0.000074 -0.054594 0.998509
1037.580000 6.120064 -0.057110 0.122214 -0.000417 0.055305 0.007912 0.998438
1038.580000 6.574735 -0.244361 0.100152 0.000032 -0.000064 -0.180823 0.983516
1039.582000 7.163414 -0.431687 0.100227 0.000049 -0.000061 -0.340109 0.940386
1040.632000 7.253270 -0.691692 0.100230 0.000062 -0.000044 -0.577585 0.816330
1041.632000 7.618946 -1.727961 0.100244 0.000056 -0.000044 -0.577597 0.816322
1042.683000 7.974317 -2.708740 0.125988 0.039261 0.051130 -0.606867 0.792185
1043.733000 8.028023 -3.223651 0.100244 0.000062 -0.000039 -0.683781 0.729687
1044.833000 8.106493 -4.429894 0.100208 0.000062 -0.000039 -0.683763 0.729704
1045.933000 8.164843 -5.515518 0.100175 0.000063 -0.000037 -0.694347 0.719640
1046.933000 8.217777 -6.364777 0.100188 -0.000007 -0.000094 -0.741151 0.671338
1047.933000 8.215317 -6.436734 0.100143 0.000072 -0.000034 -0.798592 0.601872
1048.983000 8.234520 -6.424739 0.100149 -0.000071 0.000007 0.940184 -0.340666
1050.083000 8.258383 -6.426860 0.100152 -0.000070 -0.000020 0.999265 0.038329
1051.183000 7.794552 -6.348033 0.100088 -0.000067 -0.000020 0.999936 -0.011318
1052.233000 6.843099 -6.396245 0.099953 -0.000067 -0.000017 0.999733 -0.023113
1053.283000 5.690473 -6.449527 0.099788 -0.000077 -0.000023 0.999733 -0.023090
1054.333000 5.377703 -6.490352 0.099743 -0.000071 -0.000025 0.997364 0.072564
1055.384000 5.349053 -6.488709 0.099738 -0.000058 -0.000023 0.980674 0.195649
1056.435000 5.311210 -6.489106 0.099734 -0.000055 -0.000049 0.892290 0.451463
1057.435000 5.314596 -6.597533 0.099730 -0.000044 -0.000061 0.767136 0.641485
1058.487000 5.266886 -6.014467 0.099746 -0.000040 -0.000061 0.737219 0.675654
1059.589000 5.161586 -4.808043 0.099773 -0.000040 -0.000061 0.737211 0.675663
1060.640000 5.164571 -3.962827 0.099809 -0.000035 -0.000057 0.694305 0.719681
1061.689000 5.131927 -3.010185 0.099842 -0.000036 -0.000066 0.727673 0.685925
1062.739000 5.063841 -1.858346 0.099879 -0.000036 -0.000060 0.727671 0.685926
1063.789000 4.995764 -0.706503 0.099913 -0.000040 -0.000063 0.727667 0.685931
1064.790000 4.930845 0.391587 0.099944 -0.000042 -0.000054 0.727679 0.685918
1065.839000 4.916122 0.313639 0.099940 -0.000032 -0.000065 0.655958 0.754797
1066.889000 5.035329 0.616800 0.116781 -0.025431 0.033457 0.603461 0.796284
1067.939000 5.001691 0.608886 0.099966 -0.000007 -0.000072 0.330118 0.943940
1068.939000 5.344694 0.868732 0.100024 0.000009 -0.000071 0.129757 0.991546
1069.989000 5.804021 0.923049 0.100091 0.000016 -0.000070 0.060300 0.998180
1071.039000 6.039619 0.981254 0.100126 0.000019 -0.000072 -0.000848 1.000000
1072.139000 6.470119 0.970968 0.120763 0.000677 0.051439 -0.012640 0.998596
1073.139000 6.345839 0.997857 0.100170 0.000029 -0.000065 -0.172616 0.984989
1074.139000 6.392978 0.988476 0.100176 0.000047 -0.000055 -0.405946 0.913897
1075.239000 6.538616 0.701626 0.102316 0.003351 0.004084 -0.626621 0.779306
1076.239000 6.685598 -0.281949 0.100168 0.000059 -0.000043 -0.651289 0.758830
1077.339000 6.797365 -1.259620 0.100263 -0.000116 -0.000285 -0.590710 0.806884
1078.389000 7.134374 -1.854650 0.100169 0.000047 -0.000047 -0.525436 0.850833
1079.390000 7.627626 -2.839403 0.100202 0.000055 -0.000047 -0.525427 0.850839
1080.391000 7.995213 -3.505249 0.100227 0.000058 -0.000039 -0.617150 0.786846
1081.392000 8.070934 -3.686532 0.108005 -0.013991 -0.013462 -0.722965 0.690612
1082.392000 8.015083 -4.751287 0.100181 0.000065 -0.000035 -0.724639 0.689129
1083.392000 7.959945 -5.848805 0.100133 0.000064 -0.000032 -0.724626 0.689143
1084.392000 7.969824 -6.104107 0.100124 0.000068 -0.000029 -0.801637 0.597812
1085.392000 7.782292 -6.370976 0.100087 -0.000071 0.000012 0.892714 -0.450623
1086.443000 7.750879 -6.562734 0.100075 -0.000077 -0.000005 0.981095 -0.193527
1087.542000 7.907999 -6.562486 0.100094 -0.000072 -0.000024 0.997889 -0.064936
1088.542000 7.509998 -6.590061 0.105263 -0.013127 0.000098 0.999869 0.009429
1089.542000 6.650581 -6.521052 0.099921 -0.000069 -0.000019 0.999326 0.036713
1090.591000 5.500934 -6.436466 0.099762 -0.000074 -0.000023 0.999326 0.036709
1091.592000 5.116421 -6.433130 0.099709 -0.000065 -0.000032 0.985279 0.170956
1092.592000 5.056082 -6.429988 0.099698 -0.000065 -0.000043 0.919706 0.392607
1093.643000 5.058777 -6.523633 0.099698 -0.000046 -0.000056 0.804192 0.594370
1094.643000 5.058930 -6.620394 0.099691 -0.000046 -0.000067 0.732650 0.680605
1095.643000 5.046449 -5.927162 0.099718 -0.000034 -0.000058 0.715990 0.698110
1096.643000 5.018654 -4.828601 0.099754 -0.000039 -0.000060 0.716006 0.698094
1097.693000 4.989356 -3.675129 0.099796 -0.000032 -0.000064 0.716035 0.698065
1098.693000 4.961400 -2.576571 0.099834 -0.000040 -0.000059 0.716068 0.698031
1099.693000 4.923649 -1.861123 0.099860 -0.000032 -0.000066 0.657706 0.753275
1100.693000 5.101199 -0.875166 0.099921 -0.000033 -0.000070 0.644972 0.764206
1101.743000 5.200417 -0.101595 0.099966 -0.000029 -0.000067 0.561543 0.827447
1102.793000 5.194869 -0.172061 0.099962 -0.000009 -0.000073 0.328931 0.944354
1103.843000 5.591125 0.093521 0.100025 0.000001 -0.000070 0.104171 0.994559
1104.893000 5.785702 0.091558 0.100056 0.000014 -0.000071 0.034437 0.999407
1105.893000 6.331116 0.124106 0.113228 0.000315 0.032686 -0.008986 0.999425
1106.943000 6.140699 0.130038 0.100108 0.000024 -0.000070 -0.090299 0.995915
1108.043000 6.597415 -0.032196 0.100163 0.000037 -0.000069 -0.170925 0.985284
1109.093000 6.635684 -0.020635 0.100172 0.000050 -0.000053 -0.485543 0.874213
1110.093000 7.037374 -0.850085 0.100194 0.000054 -0.000053 -0.527091 0.849809
1111.143000 7.550171 -1.883720 0.100225 0.000056 -0.000055 -0.527019 0.849854
1112.193000 7.676680 -1.977786 0.100241 0.000057 -0.000036 -0.659055 0.752095
1113.243000 7.682616 -2.088512 0.100536 -0.000090 -0.000195 -0.695363 0.718658
1114.243000 7.718806 -3.186949 0.100201 0.000065 -0.000039 -0.695352 0.718669
1115.243000 7.755033 -4.285264 0.100163 0.000061 -0.000031 -0.695349 0.718672
1116.293000 7.793101 -5.438486 0.100122 0.000063 -0.000033 -0.695349 0.718672
1117.293000 7.843251 -6.275365 0.100100 0.000066 -0.000032 -0.744025 0.668152
1118.293000 7.844183 -6.152341 0.100103 0.000069 -0.000023 -0.823147 0.567829
1119.393000 7.843522 -6.088848 0.100105 -0.000072 -0.000000 0.951085 -0.308930
1120.443000 7.824726 -6.116572 0.100100 -0.000062 -0.000019 0.999924 0.012324
